Total Protein Post-Hoc Test 
                                        diff         lwr        upr     p adj
Stress:ML82-2-Control:ML82-2     -4.17921968 -11.4589360  3.1004966 0.4850186
Control:MR220CL2-Control:ML82-2  -6.85676421 -14.4700738  0.7565453 0.0930080
Stress:MR220CL2-Control:ML82-2   -0.45568278  -7.7353991  6.8240335 0.9999521
Control:NMR152-Control:ML82-2     0.06887193  -7.2108444  7.3485882 1.0000000
Stress:NMR152-Control:ML82-2      5.88361429  -1.7296953 13.4969238 0.1933107
Control:MR220CL2-Stress:ML82-2   -2.67754453  -9.3643909  4.0093019 0.8030356
Stress:MR220CL2-Stress:ML82-2     3.72353690  -2.5808824 10.0279561 0.4549864
Control:NMR152-Stress:ML82-2      4.24809160  -2.0563276 10.5525109 0.3178510
Stress:NMR152-Stress:ML82-2      10.06283397   3.3759876 16.7496804 0.0015499
Stress:MR220CL2-Control:MR220CL2  6.40108142  -0.2857650 13.0879278 0.0655977
Control:NMR152-Control:MR220CL2   6.92563613   0.2387897 13.6124825 0.0396680
Stress:NMR152-Control:MR220CL2   12.74037850   5.6918235 19.7889335 0.0001870
Control:NMR152-Stress:MR220CL2    0.52455471  -5.7798645  6.8289740 0.9998051
Stress:NMR152-Stress:MR220CL2     6.33929707  -0.3475493 13.0261435 0.0695036
Stress:NMR152-Control:NMR152      5.81474237  -0.8721040 12.5015888 0.1119652

POX
                                       diff        lwr         upr     p adj
Stress:ML82-2-Control:ML82-2      3.2259241  -1.315355  7.76720311 0.2639620
Control:MR220CL2-Control:ML82-2   2.0546996  -2.486579  6.59597861 0.7096575
Stress:MR220CL2-Control:ML82-2   -2.6811882  -7.023482  1.66110508 0.4039319
Control:NMR152-Control:ML82-2    -0.8875743  -5.428853  3.65370469 0.9883361
Stress:NMR152-Control:ML82-2     -3.5222465  -7.864540  0.82004680 0.1552764
Control:MR220CL2-Stress:ML82-2   -1.1712245  -5.375632  3.03318291 0.9467446
Stress:MR220CL2-Stress:ML82-2    -5.9071123  -9.895763 -1.91846121 0.0019431
Control:NMR152-Stress:ML82-2     -4.1134984  -8.317906  0.09090898 0.0573251
Stress:NMR152-Stress:ML82-2      -6.7481706 -10.736822 -2.75951949 0.0004582
Stress:MR220CL2-Control:MR220CL2 -4.7358878  -8.724539 -0.74723672 0.0145718
Control:NMR152-Control:MR220CL2  -2.9422739  -7.146681  1.26213348 0.2779542
Stress:NMR152-Control:MR220CL2   -5.5769461  -9.565597 -1.58829499 0.0034395
Control:NMR152-Stress:MR220CL2    1.7936139  -2.195037  5.78226496 0.7147014
Stress:NMR152-Stress:MR220CL2    -0.8410583  -4.601595  2.91947803 0.9788203
Stress:NMR152-Control:NMR152     -2.6346721  -6.623323  1.35397893 0.3344312

Proline
                                       diff       lwr       upr     p adj
Stress:ML82-2-Control:ML82-2     -0.1075269 -4.535108  4.320054 0.9999996
Control:MR220CL2-Control:ML82-2   1.2163978 -3.211183  5.643979 0.9547412
Stress:MR220CL2-Control:ML82-2    2.8598790 -1.836279  7.556038 0.4358447
Control:NMR152-Control:ML82-2     0.4198029 -3.819283  4.658889 0.9995894
Stress:NMR152-Control:ML82-2     15.3327419 10.905161 19.760323 0.0000000
Control:MR220CL2-Stress:ML82-2    1.3239247 -3.103656  5.751505 0.9362262
Stress:MR220CL2-Stress:ML82-2     2.9674059 -1.728753  7.663564 0.3961882
Control:NMR152-Stress:ML82-2      0.5273297 -3.711756  4.766416 0.9987610
Stress:NMR152-Stress:ML82-2      15.4402688 11.012688 19.867849 0.0000000
Stress:MR220CL2-Control:MR220CL2  1.6434812 -3.052677  6.339640 0.8837055
Control:NMR152-Control:MR220CL2  -0.7965950 -5.035681  3.442491 0.9913837
Stress:NMR152-Control:MR220CL2   14.1163441  9.688763 18.543925 0.0000000
Control:NMR152-Stress:MR220CL2   -2.4400762 -6.958957  2.078804 0.5634942
Stress:NMR152-Stress:MR220CL2    12.4728629  7.776704 17.169021 0.0000003
Stress:NMR152-Control:NMR152     14.9129391 10.673853 19.152025 0.0000000